[map]
x_map_0=0.687458
x_map_1=-0.015446
x_map_2=19.762796
x_map_3=-0.092930
x_map_4=-0.097486
y_map_0=-0.018391
y_map_1=0.711256
y_map_2=-88.623155
y_map_3=-0.015141
y_map_4=-0.020780