[default]
xScaleMean=0.725680
xOffsetMean=21
kX=-0.147436
bX=19.615385
xDetaMin=-14
xDetaMax=9
yScaleMean=0.729617
yOffsetMean=-108
kY=0.027778
bY=-19.972223
yDetaMin=-10
yDetaMax=9
